((("INF" .
   [1 0 0])
  ("dis" .
   [3 0 0])
  ("addadge" .
   [0 0 0 2 0 0 0])
  ("dfs" .
   [2 0 0])
  ("adj" .
   [2 0 1])
  ("vizitado" .
   [1 0 0 0 1 0 0 1])
  ("pensamentos" .
   [1 0 0 0 0 0 0 0 0 0 0])
  ("falei" .
   [1 0 0 0 0])
  ("coisas" .
   [1 0 0 0 0 0])
  ("tive" .
   [3 0 0 0])
  ("system" .
   [2 0 0 0 0 0])
  ("opt" .
   [4 0 0])
  ("import" .
   [0 0 0 0 0 1])
  ("input" .
   [0 0 0 1 0])
  ("list_size" .
   [1 0 0 0 0 0 0 0 0])
  ("nodes" .
   [7 0 0 0 0])
  ("next" .
   [3 0 0 1])
  ("value" .
   [2 0 3 1 1])
  ("node" .
   [21 0 0 1])
  ("list" .
   [11 0 0 1])
  ("struct" .
   [0 0 0 0 0 1])
  ("return" .
   [0 0 0 0 0 2])
  ("private" .
   [0 0 0 0 1 1 0])
  ("sizeof" .
   [0 0 0 1 1 4])
  ("size" .
   [9 0 0 0])
  ("this" .
   [0 0 0 1])
  ("push" .
   [0 0 0 1])
  ("std" .
   [3 0 0])
  ("cout" .
   [13 0 0 0])
  ("pos" .
   [9 0 0])
  ("get" .
   [1 0 0])
  ("string" .
   [3 0 0 0 0 0])
  ("cmd" .
   [3 0 0])
  ("bits" .
   [1 0 0 0])
  ("stdc" .
   [1 0 0 0])
  ("namespace" .
   [0 0 0 0 1 0 1 0 1])
  ("main" .
   [1 0 0 0])
  ("n" .
   [6])
  ("vector" .
   [2 0 0 1 1 0])
  ("adicionar" .
   [0 0 0 0 0 0 0 0 1])
  ("raiz" .
   [4 0 0 1])
  ("viz" .
   [9 0 0])
  ("novo" .
   [2 0 0 0])
  ("adc_vizinho" .
   [1 0 0 6 0 0 0 0 0 0 0])
  ("grafo" .
   [16 0 0 1 0])
  ("push_back" .
   [0 0 0 0 1 0 0 0 0])
  ("g" .
   [1])
  ("endl" .
   [4 0 0 0])
  ("cin" .
   [1 0 0])
  ("no" .
   [1 0])
  ("no1" .
   [4 0 0])
  ("no2" .
   [5 0 0])
  ("nil" .
   [2 0 0])
  ("include" .
   [0 0 0 1 0 0 0])
  ("task" .
   [13 0 0 0])
  ("tasks_array" .
   [8 0 0 1 0 11 1 0 0 0 2])
  ("argv" .
   [5 0 0 1])
  ("bool" .
   [2 0 0 0])
  ("argc" .
   [1 0 0 0])
  ("e" .
   [1])
  ("a" .
   [3])
  ("str" .
   [1 0 0])
  ("initialize_array" .
   [0 0 0 0 1 0 0 0 0 0 0 0 0 0 0 0])
  ("read_line" .
   [1 0 0 0 0 0 1 0 0])
  ("name" .
   [12 0 0 0])
  ("new_task" .
   [0 0 0 3 1 0 0 0])
  ("state" .
   [2 0 0 0 0])
  ("read_task" .
   [0 0 0 0 0 0 0 1 0])
  ("n_task" .
   [6 0 0 0 0 0])
  ("show_tasks" .
   [0 0 0 0 2 0 0 0 0 0])
  ("printf" .
   [1 0 0 1 1 0])
  ("NULL" .
   [1 0 0 0])
  ("count_arraysize" .
   [0 0 0 0 1 0 0 0 0 0 0 0 0 0 0])
  ("Connection" .
   [0 0 0 0 0 2 0 0 0 0])
  ("public" .
   [0 0 0 0 0 1])
  ("String" .
   [2 0 0 0 0 0])
  ("User" .
   [2 0 0 0])
  ("Scanner" .
   [2 0 0 0 0 0 0])
  ("NovoUsuario" .
   [0 0 0 0 0 0 0 0 0 0 1])
  ("System" .
   [1 0 0 0 0 1])
  ("out" .
   [1 0 0])
  ("println" .
   [1 0 0 0 0 0 0])
  ("password" .
   [0 0 0 0 1 0 0 0])
  ("data" .
   [10 0 0 0])
  ("add_todo" .
   [0 0 0 2 0 0 0 0])
  ("read_data" .
   [2 0 0 0 0 0 0 0 0])
  ("entry" .
   [7 0 0 0 0])
  ("text" .
   [3 0 0 0])))
